# RCSid $Id: mie_ca.dat,v 2.3 2024/08/05 21:58:48 greg Exp $
# OPAC continental average aerosol profile
# Mie scattering coefficients m-1
# Altitude 0 - 60km
# 380nm to 780nm at 20nm interval
# Computed using libradtrans
2
0 0 30 0 1000 2000 3000 4000 5000 6000 7000 8000 9000 10000 11000 12000 13000 14000 15000 16000 17000 18000 19000 20000 21000 22000 23000 24000 25000 27500 30000 32500 60000
0 19 20
7.8237e-05
7.3966e-05
6.9974e-05
6.6022e-05
6.2729e-05
5.9427e-05
5.6391e-05
5.3561e-05
5.0694e-05
4.8299e-05
4.5960e-05
4.3797e-05
4.1802e-05
3.9726e-05
3.8103e-05
3.6423e-05
3.4817e-05
3.3253e-05
3.1763e-05
3.0330e-05
6.9081e-05
6.5310e-05
6.1785e-05
5.8295e-05
5.5388e-05
5.2473e-05
4.9791e-05
4.7293e-05
4.4761e-05
4.2646e-05
4.0581e-05
3.8671e-05
3.6909e-05
3.5077e-05
3.3644e-05
3.2160e-05
3.0743e-05
2.9361e-05
2.8046e-05
2.6780e-05
2.7090e-06
2.5820e-06
2.4640e-06
2.3470e-06
2.2500e-06
2.1530e-06
2.0630e-06
1.9800e-06
1.8960e-06
1.8260e-06
1.7570e-06
1.6940e-06
1.6360e-06
1.5760e-06
1.5290e-06
1.4800e-06
1.4340e-06
1.3890e-06
1.3460e-06
1.3050e-06
2.3420e-06
2.2310e-06
2.1280e-06
2.0260e-06
1.9400e-06
1.8540e-06
1.7750e-06
1.7010e-06
1.6270e-06
1.5670e-06
1.5090e-06
1.4540e-06
1.4020e-06
1.3480e-06
1.3070e-06
1.2650e-06
1.2250e-06
1.1870e-06
1.1510e-06
1.1140e-06
2.0670e-06
1.9680e-06
1.8780e-06
1.7880e-06
1.7120e-06
1.6360e-06
1.5660e-06
1.5020e-06
1.4360e-06
1.3830e-06
1.3320e-06
1.2830e-06
1.2370e-06
1.1890e-06
1.1530e-06
1.1160e-06
1.0810e-06
1.0480e-06
1.0160e-06
9.8300e-07
1.8240e-06
1.7370e-06
1.6570e-06
1.5780e-06
1.5110e-06
1.4440e-06
1.3820e-06
1.3250e-06
1.2670e-06
1.2210e-06
1.1750e-06
1.1320e-06
1.0920e-06
1.0500e-06
1.0180e-06
9.8500e-07
9.5400e-07
9.2500e-07
8.9600e-07
8.6800e-07
1.6100e-06
1.5330e-06
1.4620e-06
1.3920e-06
1.3330e-06
1.2740e-06
1.2200e-06
1.1690e-06
1.1180e-06
1.0770e-06
1.0370e-06
9.9900e-07
9.6300e-07
9.2600e-07
8.9800e-07
8.6900e-07
8.4200e-07
8.1600e-07
7.9100e-07
7.6500e-07
1.4210e-06
1.3530e-06
1.2910e-06
1.2290e-06
1.1770e-06
1.1240e-06
1.0770e-06
1.0320e-06
9.8700e-07
9.5100e-07
9.1500e-07
8.8200e-07
8.5000e-07
8.1700e-07
7.9300e-07
7.6700e-07
7.4300e-07
7.2000e-07
6.9800e-07
6.7600e-07
1.1660e-06
1.1090e-06
1.0570e-06
1.0050e-06
9.6200e-07
9.1800e-07
8.7900e-07
8.4200e-07
8.0400e-07
7.7400e-07
7.4400e-07
7.1700e-07
6.9100e-07
6.6400e-07
6.4400e-07
6.2300e-07
6.0300e-07
5.8400e-07
5.6600e-07
5.4700e-07
1.0290e-06
9.7900e-07
9.3300e-07
8.8700e-07
8.4900e-07
8.1000e-07
7.7500e-07
7.4300e-07
7.1000e-07
6.8300e-07
6.5700e-07
6.3200e-07
6.1000e-07
5.8600e-07
5.6800e-07
5.5000e-07
5.3200e-07
5.1500e-07
4.9900e-07
4.8200e-07
9.0800e-07
8.6400e-07
8.2300e-07
7.8300e-07
7.4900e-07
7.1500e-07
6.8400e-07
6.5600e-07
6.2600e-07
6.0300e-07
5.8000e-07
5.5800e-07
5.3800e-07
5.1700e-07
5.0200e-07
4.8500e-07
4.7000e-07
4.5500e-07
4.4100e-07
4.2600e-07
8.0100e-07
7.6200e-07
7.2600e-07
6.9100e-07
6.6100e-07
6.3100e-07
6.0400e-07
5.7800e-07
5.5300e-07
5.3200e-07
5.1200e-07
4.9300e-07
4.7500e-07
4.5700e-07
4.4300e-07
4.2800e-07
4.1500e-07
4.0100e-07
3.8900e-07
3.7600e-07
2.8300e-07
2.7300e-07
2.6400e-07
2.5400e-07
2.4600e-07
2.3700e-07
2.2900e-07
2.2100e-07
2.1300e-07
2.0600e-07
1.9900e-07
1.9200e-07
1.8500e-07
1.7900e-07
1.7300e-07
1.6600e-07
1.6100e-07
1.5500e-07
1.4900e-07
1.4400e-07
2.8300e-07
2.7300e-07
2.6400e-07
2.5400e-07
2.4600e-07
2.3700e-07
2.2900e-07
2.2100e-07
2.1300e-07
2.0600e-07
1.9900e-07
1.9200e-07
1.8500e-07
1.7900e-07
1.7300e-07
1.6600e-07
1.6100e-07
1.5500e-07
1.4900e-07
1.4400e-07
2.8300e-07
2.7300e-07
2.6400e-07
2.5400e-07
2.4600e-07
2.3700e-07
2.2900e-07
2.2100e-07
2.1300e-07
2.0600e-07
1.9900e-07
1.9200e-07
1.8500e-07
1.7900e-07
1.7300e-07
1.6600e-07
1.6100e-07
1.5500e-07
1.4900e-07
1.4400e-07
2.8300e-07
2.7300e-07
2.6400e-07
2.5400e-07
2.4600e-07
2.3700e-07
2.2900e-07
2.2100e-07
2.1300e-07
2.0600e-07
1.9900e-07
1.9200e-07
1.8500e-07
1.7900e-07
1.7300e-07
1.6600e-07
1.6100e-07
1.5500e-07
1.4900e-07
1.4400e-07
2.8300e-07
2.7300e-07
2.6400e-07
2.5400e-07
2.4600e-07
2.3700e-07
2.2900e-07
2.2100e-07
2.1300e-07
2.0600e-07
1.9900e-07
1.9200e-07
1.8500e-07
1.7900e-07
1.7300e-07
1.6600e-07
1.6100e-07
1.5500e-07
1.4900e-07
1.4400e-07
2.8300e-07
2.7300e-07
2.6400e-07
2.5400e-07
2.4600e-07
2.3700e-07
2.2900e-07
2.2100e-07
2.1300e-07
2.0600e-07
1.9900e-07
1.9200e-07
1.8500e-07
1.7900e-07
1.7300e-07
1.6600e-07
1.6100e-07
1.5500e-07
1.4900e-07
1.4400e-07
2.8300e-07
2.7300e-07
2.6400e-07
2.5400e-07
2.4600e-07
2.3700e-07
2.2900e-07
2.2100e-07
2.1300e-07
2.0600e-07
1.9900e-07
1.9200e-07
1.8500e-07
1.7900e-07
1.7300e-07
1.6600e-07
1.6100e-07
1.5500e-07
1.4900e-07
1.4400e-07
2.8300e-07
2.7300e-07
2.6400e-07
2.5400e-07
2.4600e-07
2.3700e-07
2.2900e-07
2.2100e-07
2.1300e-07
2.0600e-07
1.9900e-07
1.9200e-07
1.8500e-07
1.7900e-07
1.7300e-07
1.6600e-07
1.6100e-07
1.5500e-07
1.4900e-07
1.4400e-07
2.8300e-07
2.7300e-07
2.6400e-07
2.5400e-07
2.4600e-07
2.3700e-07
2.2900e-07
2.2100e-07
2.1300e-07
2.0600e-07
1.9900e-07
1.9200e-07
1.8500e-07
1.7900e-07
1.7300e-07
1.6600e-07
1.6100e-07
1.5500e-07
1.4900e-07
1.4400e-07
2.8300e-07
2.7300e-07
2.6400e-07
2.5400e-07
2.4600e-07
2.3700e-07
2.2900e-07
2.2100e-07
2.1300e-07
2.0600e-07
1.9900e-07
1.9200e-07
1.8500e-07
1.7900e-07
1.7300e-07
1.6600e-07
1.6100e-07
1.5500e-07
1.4900e-07
1.4400e-07
2.8300e-07
2.7300e-07
2.6400e-07
2.5400e-07
2.4600e-07
2.3700e-07
2.2900e-07
2.2100e-07
2.1300e-07
2.0600e-07
1.9900e-07
1.9200e-07
1.8500e-07
1.7900e-07
1.7300e-07
1.6600e-07
1.6100e-07
1.5500e-07
1.4900e-07
1.4400e-07
2.8300e-07
2.7300e-07
2.6400e-07
2.5400e-07
2.4600e-07
2.3700e-07
2.2900e-07
2.2100e-07
2.1300e-07
2.0600e-07
1.9900e-07
1.9200e-07
1.8500e-07
1.7900e-07
1.7300e-07
1.6600e-07
1.6100e-07
1.5500e-07
1.4900e-07
1.4400e-07
2.8300e-07
2.7300e-07
2.6400e-07
2.5400e-07
2.4600e-07
2.3700e-07
2.2900e-07
2.2100e-07
2.1300e-07
2.0600e-07
1.9900e-07
1.9200e-07
1.8500e-07
1.7900e-07
1.7300e-07
1.6600e-07
1.6100e-07
1.5500e-07
1.4900e-07
1.4400e-07
7.0700e-07
6.8300e-07
6.5900e-07
6.3500e-07
6.1400e-07
5.9300e-07
5.7300e-07
5.5300e-07
5.3300e-07
5.1500e-07
4.9700e-07
4.8000e-07
4.6300e-07
4.4600e-07
4.3200e-07
4.1600e-07
4.0200e-07
3.8700e-07
3.7300e-07
3.6100e-07
7.0700e-07
6.8300e-07
6.5900e-07
6.3500e-07
6.1400e-07
5.9300e-07
5.7300e-07
5.5300e-07
5.3300e-07
5.1500e-07
4.9700e-07
4.8000e-07
4.6300e-07
4.4600e-07
4.3200e-07
4.1600e-07
4.0200e-07
3.8700e-07
3.7300e-07
3.6100e-07
7.0700e-07
6.8300e-07
6.5900e-07
6.3500e-07
6.1400e-07
5.9300e-07
5.7300e-07
5.5300e-07
5.3300e-07
5.1500e-07
4.9700e-07
4.8000e-07
4.6300e-07
4.4600e-07
4.3200e-07
4.1600e-07
4.0200e-07
3.8700e-07
3.7300e-07
3.6100e-07
7.0700e-07
6.8300e-07
6.5900e-07
6.3500e-07
6.1400e-07
5.9300e-07
5.7300e-07
5.5300e-07
5.3300e-07
5.1500e-07
4.9700e-07
4.8000e-07
4.6300e-07
4.4600e-07
4.3200e-07
4.1600e-07
4.0200e-07
3.8700e-07
3.7300e-07
3.6100e-07
0.0
0.0
0.0
0.0
0.0
0.0
0.0
0.0
0.0
0.0
0.0
0.0
0.0
0.0
0.0
0.0
0.0
0.0
0.0
0.0
