# xform -e -n lamp -s .3333 -ry 160 -t -26 24.5 4

void light incandescent60
0
0
3 500 500 500

void plastic tan_paint
0
0
5                0.3                0.2                0.2               0.05                  0

void plastic white_paint
0
0
5                0.9                0.9                0.9                0.1                  0

tan_paint ring lamp.base_bottom
0
0
8
                -26               24.5                  4
                  0            -0.3333                  0
                  0             0.9999

tan_paint cylinder lamp.base_side
0
0
7
                -26               24.5                  4
                -26          24.749975                  4
             0.9999

tan_paint cone lamp.base_rim
0
0
8
                -26          24.749975                  4
                -26            24.8333                  4
             0.9999           0.916575

tan_paint ring lamp.base_top
0
0
8
                -26            24.8333                  4
                  0             0.3333                  0
                  0           0.916575

tan_paint sphere lamp.base_pivot
0
0
4      -26.626399101            24.8333      3.77200937246            0.16665

tan_paint cylinder lamp.lower_arm
0
0
7
      -26.626399101            24.8333      3.77200937246
      -28.018966318      28.9048941566      3.26515635625
           0.083325

tan_paint sphere lamp.arm_pivot
0
0
4      -28.018966318      28.9048941566      3.26515635625            0.16665

tan_paint cylinder lamp.upper_arm
0
0
7
     -28.0188843026         28.9048928      3.26518620744
     -25.3064966306         30.5713928      4.25241458381
           0.083325

tan_paint sphere lamp.head_pivot
0
0
4     -25.3064966306         30.5713928      4.25241458381            0.16665

tan_paint ring lamp.head.top
0
0
8
     -25.2067420536      30.9285676929      4.28872228059
   -0.0543865311918     0.328236424079   -0.0197950784988
                  0           0.249975

tan_paint cone lamp.head.out0
0
0
8
     -25.2067420536      30.9285676929      4.28872228059
       -25.04358246      29.9438584206      4.34810751609
           0.249975             0.3333

white_paint cup lamp.head.in0
0
0
8
     -25.2067420536      30.9285676929      4.28872228059
       -25.04358246      29.9438584206      4.34810751609
           0.246642            0.29997

tan_paint cone lamp.head.out1
0
0
8
       -25.04358246      29.9438584206      4.34810751609
     -24.9891959288      29.6156219966      4.36790259459
             0.3333             0.6666

white_paint cup lamp.head.in1
0
0
8
       -25.04358246      29.9438584206      4.34810751609
     -24.9891959288      29.6156219966      4.36790259459
            0.29997            0.63327

tan_paint cone lamp.head.out2
0
0
8
     -24.9891959288      29.6156219966      4.36790259459
     -24.8532296008      28.7950309364      4.41739029083
             0.6666             0.9999

white_paint cup lamp.head.in2
0
0
8
     -24.9891959288      29.6156219966      4.36790259459
     -24.8532296008      28.7950309364      4.41739029083
            0.63327            0.96657

tan_paint ring lamp.head.rim
0
0
8
     -24.8532296008      28.7950309364      4.41739029083
    0.0543865311918    -0.328236424079    0.0197950784988
            0.96657             0.9999

incandescent60 sphere lamp.lightbulb
0
0
4     -24.9348093976      29.2873855725      4.38769767309           0.416625
