-0.5625	0.441176471
-0.524216657	0.566919243
-0.463438009	0.677111919
-0.381227481	0.772529307
-0.278648501	0.853946217
-0.156764493	0.92213746
-0.0166388847	0.977877843
0.140664898	1.02194218
0.314083429	1.05510527
0.502553283	1.07814194
0.705011034	1.09182698
0.920393258	1.09693522
1.14763651	1.09424145
1.38567739	1.08452049
1.63345247	1.06854715
1.8898983	1.04709624
2.15395148	1.02094257
2.42454857	0.990860939
2.70062614	0.957626168
2.98112078	0.922013064
3.26496905	0.884796435
3.55110753	0.846751091
3.83847279	0.808651843
4.12600141	0.771273499
4.41262996	0.73539087
4.697295	0.701778765
4.97893312	0.671211993
5.2564809	0.644465364
5.52887491	0.622313687
5.79505171	0.605531773
6.05394788	0.594894431
6.3045	0.591176471
6.4135	0.125
5.1567443	0.175728863
3.91733644	0.29409621
2.75442243	0.429373178
1.72714828	0.530830904
0.894659982	0.547740525
0.316103557	0.429373178
0.050625	0.125
